Richard Nixon	Republican
George McGovern	Democratic
John Schmitz	American Independent
John Hospers	Libertarian
Margin
State Total
Alabama	9	728,701	72.43	9	256,923	25.54	 	11,918	1.18	 	 	 	 	471,778	46.89	1,006,093	AL
Alaska	3	55,349	58.13	3	32,967	34.62	 	6,903	7.25	 	 	 	 	22,382	23.51	95,219	AK
Arizona	6	402,812	61.64	6	198,540	30.38	 	21,208	3.25	 	 	 	 	204,272	31.26	653,505	AZ
Arkansas	6	445,751	68.82	6	198,899	30.71	 	3,016	0.47	 	 	 	 	246,852	38.11	647,666	AR
California	45	4,602,096	55.00	45	3,475,847	41.54	 	232,554	2.78	 	980	0.01	 	1,126,249	13.46	8,367,862	CA
Colorado	7	597,189	62.61	7	329,980	34.59	 	17,269	1.81	 	1,111	0.12	 	267,209	28.01	953,884	CO
Connecticut	8	810,763	58.57	8	555,498	40.13	 	17,239	1.25	 	 	 	 	255,265	18.44	1,384,277	CT
Delaware	3	140,357	59.60	3	92,283	39.18	 	2,638	1.12	 	 	 	 	48,074	20.41	235,516	DE
D.C.	3	35,226	21.56	 	127,627	78.10	3	 	 	 	 	 	 	−92,401	−56.54	163,421	DC
Florida	17	1,857,759	71.91	17	718,117	27.80	 	 	 	 	 	 	 	1,139,642	44.12	2,583,283	FL
Georgia	12	881,496	75.04	12	289,529	24.65	 	812	0.07	 	 	 	 	591,967	50.39	1,174,772	GA
Hawaii	4	168,865	62.48	4	101,409	37.52	 	 	 	 	 	 	 	67,456	24.96	270,274	HI
Idaho	4	199,384	64.24	4	80,826	26.04	 	28,869	9.30	 	 	 	 	118,558	38.20	310,379	ID
Illinois	26	2,788,179	59.03	26	1,913,472	40.51	 	2,471	0.05	 	 	 	 	874,707	18.52	4,723,236	IL
Indiana	13	1,405,154	66.11	13	708,568	33.34	 	 	 	 	 	 	 	696,586	32.77	2,125,529	IN
Iowa	8	706,207	57.61	8	496,206	40.48	 	22,056	1.80	 	 	 	 	210,001	17.13	1,225,944	IA
Kansas	7	619,812	67.66	7	270,287	29.50	 	21,808	2.38	 	 	 	 	349,525	38.15	916,095	KS
Kentucky	9	676,446	63.37	9	371,159	34.77	 	17,627	1.65	 	 	 	 	305,287	28.60	1,067,499	KY
Louisiana	10	686,852	65.32	10	298,142	28.35	 	52,099	4.95	 	 	 	 	388,710	36.97	1,051,491	LA
Maine	4	256,458	61.46	4	160,584	38.48	 	117	0.03	 	1	0.00	 	95,874	22.98	417,271	ME
Maryland	10	829,305	61.26	10	505,781	37.36	 	18,726	1.38	 	 	 	 	323,524	23.90	1,353,812	MD
Massachusetts	14	1,112,078	45.23	 	1,332,540	54.20	14	2,877	0.12	 	43	0.00	 	−220,462	−8.97	2,458,756	MA
Michigan	21	1,961,721	56.20	21	1,459,435	41.81	 	63,321	1.81	 	 	 	 	502,286	14.39	3,490,325	MI
Minnesota	10	898,269	51.58	10	802,346	46.07	 	31,407	1.80	 	 	 	 	95,923	5.51	1,741,652	MN
Mississippi	7	505,125	78.20	7	126,782	19.63	 	11,598	1.80	 	 	 	 	378,343	58.57	645,963	MS
Missouri	12	1,154,058	62.29	12	698,531	37.71	 	 	 	 	 	 	 	455,527	24.59	1,852,589	MO
Montana	4	183,976	57.93	4	120,197	37.85	 	13,430	4.23	 	 	 	 	63,779	20.08	317,603	MT
Nebraska	5	406,298	70.50	5	169,991	29.50	 	 	 	 	 	 	 	236,307	41.00	576,289	NE
Nevada	3	115,750	63.68	3	66,016	36.32	 	 	 	 	 	 	 	49,734	27.36	181,766	NV
New Hampshire	4	213,724	63.98	4	116,435	34.86	 	3,386	1.01	 	 	 	 	97,289	29.12	334,055	NH
New Jersey	17	1,845,502	61.57	17	1,102,211	36.77	 	34,378	1.15	 	 	 	 	743,291	24.80	2,997,229	NJ
New Mexico	4	235,606	61.05	4	141,084	36.56	 	8,767	2.27	 	 	 	 	94,522	24.49	385,931	NM
New York	41	4,192,778	58.54	41	2,951,084	41.21	 	 	 	 	 	 	 	1,241,694	17.34	7,161,830	NY
North Carolina	13	1,054,889	69.46	13	438,705	28.89	 	25,018	1.65	 	 	 	 	616,184	40.58	1,518,612	NC
North Dakota	3	174,109	62.07	3	100,384	35.79	 	5,646	2.01	 	 	 	 	73,725	26.28	280,514	ND
Ohio	25	2,441,827	59.63	25	1,558,889	38.07	 	80,067	1.96	 	 	 	 	882,938	21.56	4,094,787	OH
Oklahoma	8	759,025	73.70	8	247,147	24.00	 	23,728	2.30	 	 	 	 	511,878	49.70	1,029,900	OK
Oregon	6	486,686	52.45	6	392,760	42.33	 	46,211	4.98	 	 	 	 	93,926	10.12	927,946	OR
Pennsylvania	27	2,714,521	59.11	27	1,796,951	39.13	 	70,593	1.54	 	 	 	 	917,570	19.98	4,592,105	PA
Rhode Island	4	220,383	53.00	4	194,645	46.81	 	25	0.01	 	2	0.00	 	25,738	6.19	415,808	RI
South Carolina	8	478,427	70.58	8	189,270	27.92	 	10,166	1.50	 	 	 	 	289,157	42.66	677,880	SC
South Dakota	4	166,476	54.15	4	139,945	45.52	 	 	 	 	 	 	 	26,531	8.63	307,415	SD
Tennessee	10	813,147	67.70	10	357,293	29.75	 	30,373	2.53	 	 	 	 	455,854	37.95	1,201,182	TN
Texas	26	2,298,896	66.20	26	1,154,291	33.24	 	7,098	0.20	 	 	 	 	1,144,605	32.96	3,472,714	TX
Utah	4	323,643	67.64	4	126,284	26.39	 	28,549	5.97	 	 	 	 	197,359	41.25	478,476	UT
Vermont	3	117,149	62.66	3	68,174	36.47	 	 	 	 	 	 	 	48,975	26.20	186,947	VT
Virginia	12	988,493	67.84	11	438,887	30.12	 	19,721	1.35	 	 	 	1	549,606	37.72	1,457,019	VA
Washington	9	837,135	56.92	9	568,334	38.64	 	58,906	4.00	 	1,537	0.10	 	268,801	18.28	1,470,847	WA
West Virginia	6	484,964	63.61	6	277,435	36.39	 	 	 	 	 	 	 	207,529	27.22	762,399	WV
Wisconsin	11	989,430	53.40	11	810,174	43.72	 	47,525	2.56	 	 	 	 	179,256	9.67	1,852,890	WI
Wyoming	3	100,464	69.01	3	44,358	30.47	 	748	0.51	 	 	 	 	56,106	38.54	145,570	WY
TOTALS:	538	47,168,710	60.67	520	29,173,222	37.52	17	1,100,868	1.42	0	3,674	0.00	1	17,995,488	23.15	77,744,027	US
